   2.4414063e-04
  -2.4414063e-04
   0.0000000e+00
   2.4414063e-04
  -7.3242188e-04
   1.2207031e-03
  -2.4414063e-03
   2.0874023e-02
   3.6010742e-02
   2.8198242e-02
   1.9897461e-02
   1.9897461e-02
   2.0874023e-02
   1.9897461e-02
   2.3803711e-02
   2.4780273e-02
   1.7944336e-02
   3.0151367e-02
   3.0151367e-02
   1.5014648e-02
   2.8198242e-02
   2.1850586e-02
   1.0864258e-02
   1.5014648e-02
   1.5991211e-02
   2.1972656e-03
   2.1850586e-02
   1.7944336e-02
   1.5014648e-02
   3.4057617e-02
   2.4780273e-02
   2.1850586e-02
   1.5991211e-02
   2.0874023e-02
   8.9111328e-03
   7.3242188e-04
   1.4648438e-03
   2.1972656e-03
  -1.5014648e-02
  -9.3994141e-03
   6.4697266e-03
  -1.0375977e-02
   2.1972656e-03
   2.6855469e-03
  -9.3994141e-03
   3.1738281e-03
  -5.4931641e-03
  -1.9531250e-03
   9.3994141e-03
   3.1738281e-03
   2.1972656e-03
  -6.9580078e-03
   5.9814453e-03
  -5.0048828e-03
  -7.4462891e-03
   4.5166016e-03
   4.8828125e-04
   5.9814453e-03
  -1.2207031e-03
   1.7089844e-03
   2.4414063e-04
  -3.1738281e-03
  -2.4414063e-03
  -6.9580078e-03
  -1.1352539e-02
   7.3242188e-04
  -8.9111328e-03
  -3.1738281e-03
   7.9345703e-03
  -7.4462891e-03
   6.4697266e-03
   1.9531250e-03
   5.4931641e-03
   5.9814453e-03
   1.2207031e-03
   7.4462891e-03
  -2.1972656e-03
  -7.4462891e-03
   1.2207031e-03
  -8.4228516e-03
  -8.4228516e-03
   1.2207031e-03
  -9.3994141e-03
  -7.3242188e-04
  -4.0283203e-03
  -8.9111328e-03
  -9.7656250e-04
  -7.4462891e-03
  -1.4038086e-02
  -4.8828125e-04
  -1.2084961e-02
  -1.3061523e-02
   0.0000000e+00
  -1.7944336e-02
  -1.7089844e-03
   4.0283203e-03
  -1.0864258e-02
   5.9814453e-03
  -7.9345703e-03
  -1.9897461e-02
   7.3242188e-04
  -7.4462891e-03
   2.1972656e-03
   1.0375977e-02
   6.4697266e-03
   1.2084961e-02
   5.9814453e-03
   2.4414063e-04
  -8.4228516e-03
  -4.8828125e-04
  -8.9111328e-03
  -1.1352539e-02
   4.0283203e-03
  -1.7089844e-03
  -2.6855469e-03
   1.4648438e-03
  -6.4697266e-03
  -1.4038086e-02
  -3.6621094e-03
  -2.1850586e-02
  -9.8876953e-03
   2.4414063e-03
  -1.3061523e-02
   7.4462891e-03
  -1.2207031e-03
  -1.4038086e-02
   2.9296875e-03
   5.4931641e-03
  -3.6621094e-03
   1.3061523e-02
   7.9345703e-03
   8.9111328e-03
   1.0375977e-02
   1.1352539e-02
   1.5991211e-02
   4.5166016e-03
   1.9897461e-02
   1.2084961e-02
   1.5014648e-02
   2.3803711e-02
   1.5014648e-02
   1.5014648e-02
   1.7944336e-02
   7.3242188e-04
   1.7089844e-03
   1.3061523e-02
  -4.0283203e-03
   1.3061523e-02
   2.0874023e-02
   5.0048828e-03
   1.9897461e-02
   1.7944336e-02
   6.4697266e-03
   1.5014648e-02
   1.3061523e-02
   1.5991211e-02
   1.9897461e-02
   2.5756836e-02
   2.4780273e-02
   3.2104492e-02
   2.4780273e-02
   1.0375977e-02
   1.7944336e-02
   7.4462891e-03
   2.9296875e-03
   1.3061523e-02
   1.0375977e-02
   1.2084961e-02
   5.4931641e-03
   4.8828125e-04
   2.1972656e-03
  -1.4038086e-02
  -8.4228516e-03
   1.9531250e-03
  -1.3061523e-02
  -1.7089844e-03
   1.3061523e-02
   2.1972656e-03
   4.0283203e-03
   6.9580078e-03
   3.6621094e-03
   2.9296875e-03
   5.9814453e-03
  -2.1972656e-03
  -5.9814453e-03
  -3.1738281e-03
  -1.5014648e-02
  -2.1972656e-03
  -4.5166016e-03
  -1.0375977e-02
   1.2084961e-02
   3.4179688e-03
   2.9296875e-03
   8.9111328e-03
  -4.5166016e-03
   3.6621094e-03
  -3.4179688e-03
  -1.0864258e-02
   3.1738281e-03
  -8.4228516e-03
  -1.9531250e-03
   1.1352539e-02
   4.0283203e-03
   5.9814453e-03
   1.3061523e-02
   1.2084961e-02
   1.7944336e-02
   2.0874023e-02
   1.4038086e-02
   1.4038086e-02
   4.5166016e-03
   6.4697266e-03
   2.4414063e-03
   6.4697266e-03
   1.7944336e-02
   2.2827148e-02
   2.2827148e-02
   3.0151367e-02
   2.6733398e-02
   1.4038086e-02
   2.6733398e-02
   1.3061523e-02
   2.0874023e-02
   2.1850586e-02
   1.2084961e-02
   2.0874023e-02
   1.6967773e-02
   1.0375977e-02
   1.2084961e-02
   1.4038086e-02
   9.8876953e-03
   1.9531250e-03
   1.5014648e-02
   1.6967773e-02
   2.4414063e-03
   2.8198242e-02
   6.9580078e-03
  -2.4414063e-04
   1.1352539e-02
   6.9580078e-03
   1.3061523e-02
   1.5991211e-02
   2.0874023e-02
   1.9897461e-02
   2.4780273e-02
   2.0874023e-02
   2.2827148e-02
   2.1850586e-02
   2.0874023e-02
   1.4038086e-02
   1.5014648e-02
   1.4038086e-02
  -1.9531250e-03
   5.4931641e-03
   6.4697266e-03
  -6.9580078e-03
   5.0048828e-03
   1.0864258e-02
   5.9814453e-03
   6.4697266e-03
   1.7089844e-03
   2.4414063e-04
  -1.0375977e-02
  -3.4179688e-03
  -1.2084961e-02
  -1.9897461e-02
  -1.5991211e-02
  -2.0874023e-02
  -1.3061523e-02
  -1.4038086e-02
  -7.9345703e-03
  -1.6967773e-02
  -1.6967773e-02
  -1.5014648e-02
  -1.8920898e-02
  -1.5991211e-02
  -3.0151367e-02
  -2.8198242e-02
  -2.0874023e-02
  -2.0874023e-02
  -2.6733398e-02
  -1.3061523e-02
  -1.9897461e-02
  -1.9897461e-02
  -1.2084961e-02
  -2.5756836e-02
  -2.4780273e-02
  -2.8198242e-02
  -1.5014648e-02
  -1.2084961e-02
  -1.5014648e-02
  -1.0375977e-02
  -1.7944336e-02
  -2.0874023e-02
  -1.9897461e-02
  -2.4780273e-02
  -1.5014648e-02
  -1.0375977e-02
  -9.3994141e-03
  -4.0283203e-03
  -3.1738281e-03
  -3.1738281e-03
  -9.7656250e-04
  -4.5166016e-03
  -5.0048828e-03
  -8.4228516e-03
  -1.0864258e-02
   1.7089844e-03
  -7.9345703e-03
   8.9111328e-03
   1.0375977e-02
   7.4462891e-03
   1.9897461e-02
   1.5991211e-02
   1.6967773e-02
   5.9814453e-03
   7.4462891e-03
   1.2084961e-02
   6.9580078e-03
   1.2084961e-02
   3.0151367e-02
   1.9897461e-02
   2.8198242e-02
   3.9916992e-02
   1.7944336e-02
   2.4780273e-02
   2.8198242e-02
   1.8920898e-02
   2.2827148e-02
   1.7944336e-02
   2.2827148e-02
   2.8198242e-02
   2.3803711e-02
   2.6733398e-02
   3.6010742e-02
   3.2104492e-02
   3.2104492e-02
   4.3823242e-02
   3.7963867e-02
   4.1870117e-02
   3.4057617e-02
   3.2104492e-02
   3.4057617e-02
   2.8198242e-02
   2.4780273e-02
   2.8198242e-02
   1.6967773e-02
   1.5991211e-02
   2.0874023e-02
   1.0864258e-02
   2.6733398e-02
   1.6967773e-02
   2.4780273e-02
   2.8198242e-02
   8.9111328e-03
   2.2827148e-02
   1.1352539e-02
  -5.0048828e-03
   9.3994141e-03
   2.1972656e-03
   4.0283203e-03
   1.2084961e-02
   4.0283203e-03
   9.8876953e-03
   5.0048828e-03
   7.4462891e-03
  -1.7089844e-03
   2.4414063e-04
   2.4414063e-03
  -6.4697266e-03
   1.2207031e-03
   4.0283203e-03
   2.1972656e-03
  -7.4462891e-03
   1.2207031e-03
  -4.8828125e-04
  -2.4414063e-04
   6.4697266e-03
  -2.4414063e-04
  -4.5166016e-03
   7.3242188e-04
   1.2207031e-03
  -5.9814453e-03
   7.3242188e-04
  -2.9296875e-03
  -7.9345703e-03
  -7.4462891e-03
  -2.4414063e-03
  -1.3061523e-02
  -8.4228516e-03
  -3.6621094e-03
  -4.0283203e-03
   0.0000000e+00
  -4.8828125e-04
   9.3994141e-03
   5.4931641e-03
   2.4414063e-04
  -7.3242188e-04
  -2.6855469e-03
  -2.2827148e-02
  -4.0283203e-03
   2.4414063e-04
  -9.3994141e-03
   1.5014648e-02
   5.9814453e-03
   5.4931641e-03
   1.2084961e-02
   6.4697266e-03
   2.9296875e-03
   3.1738281e-03
  -1.4648438e-03
  -5.4931641e-03
   5.0048828e-03
   7.3242188e-04
  -5.4931641e-03
   7.4462891e-03
   1.1352539e-02
   1.6967773e-02
   2.5756836e-02
   1.8920898e-02
   1.2084961e-02
   1.9897461e-02
   1.5014648e-02
   1.5014648e-02
   1.9897461e-02
   1.3061523e-02
   1.7944336e-02
   2.0874023e-02
   1.9897461e-02
   1.5991211e-02
   1.5991211e-02
   9.8876953e-03
   5.4931641e-03
   4.5166016e-03
   8.4228516e-03
   1.2084961e-02
   3.6621094e-03
   6.9580078e-03
   1.5014648e-02
   6.9580078e-03
   7.9345703e-03
   1.3061523e-02
   6.4697266e-03
   1.7944336e-02
   1.7944336e-02
   1.5014648e-02
   1.7944336e-02
   1.3061523e-02
   9.8876953e-03
   2.9296875e-03
   7.4462891e-03
   5.9814453e-03
   2.1972656e-03
   1.1352539e-02
  -4.5166016e-03
  -5.4931641e-03
  -1.9531250e-03
  -6.4697266e-03
  -1.2207031e-03
  -5.4931641e-03
  -2.4414063e-03
  -2.6855469e-03
  -2.4414063e-04
  -7.4462891e-03
  -1.3061523e-02
  -1.4038086e-02
  -2.5756836e-02
  -3.2104492e-02
  -2.8198242e-02
  -2.6733398e-02
  -1.5991211e-02
  -1.4038086e-02
  -1.5991211e-02
  -8.9111328e-03
  -1.7944336e-02
  -1.5014648e-02
  -1.2084961e-02
  -1.0864258e-02
  -1.9897461e-02
  -8.4228516e-03
  -5.4931641e-03
  -6.9580078e-03
   2.9296875e-03
  -7.4462891e-03
  -2.4414063e-04
  -2.4414063e-03
   4.8828125e-04
   2.6855469e-03
   1.0864258e-02
   1.2084961e-02
   0.0000000e+00
   6.9580078e-03
   8.4228516e-03
   3.1738281e-03
   2.6855469e-03
   1.7089844e-03
   2.1972656e-03
   1.1352539e-02
   1.2084961e-02
   1.5991211e-02
   1.8920898e-02
   2.1850586e-02
   2.1850586e-02
   1.8920898e-02
   1.6967773e-02
   1.4038086e-02
   1.7944336e-02
   1.7944336e-02
   1.7944336e-02
   1.5014648e-02
   1.2084961e-02
   1.4038086e-02
   1.6967773e-02
   1.3061523e-02
   9.8876953e-03
   6.9580078e-03
   4.0283203e-03
   2.6855469e-03
   0.0000000e+00
   2.4414063e-04
  -2.4414063e-04
   1.0375977e-02
   9.8876953e-03
   5.4931641e-03
   1.2084961e-02
   1.4038086e-02
   1.2084961e-02
   4.5166016e-03
   4.5166016e-03
  -4.5166016e-03
  -9.7656250e-04
   7.9345703e-03
   6.9580078e-03
   1.7944336e-02
   2.1850586e-02
   2.1850586e-02
   1.3061523e-02
   1.0375977e-02
   1.0375977e-02
   6.9580078e-03
   5.0048828e-03
   1.7089844e-03
   1.9531250e-03
   5.0048828e-03
   5.9814453e-03
   1.2084961e-02
   7.9345703e-03
   3.4179688e-03
   1.0375977e-02
   9.3994141e-03
   9.3994141e-03
   1.1352539e-02
   7.9345703e-03
   5.4931641e-03
   1.2084961e-02
   9.3994141e-03
   1.2084961e-02
   1.6967773e-02
   2.4780273e-02
   2.0874023e-02
   2.3803711e-02
   2.6733398e-02
   2.1850586e-02
   3.2104492e-02
   2.8198242e-02
   3.6010742e-02
   3.0151367e-02
   3.4057617e-02
   2.5756836e-02
   1.8920898e-02
   1.6967773e-02
   5.4931641e-03
   1.0375977e-02
   1.0864258e-02
   1.7944336e-02
   1.1352539e-02
   1.4038086e-02
   1.6967773e-02
   1.4038086e-02
   1.3061523e-02
   9.8876953e-03
   5.4931641e-03
   7.4462891e-03
  -4.0283203e-03
  -3.1738281e-03
   1.9531250e-03
  -2.1972656e-03
   1.9897461e-02
   1.2084961e-02
   8.4228516e-03
   1.0375977e-02
   5.4931641e-03
   1.9531250e-03
  -3.6621094e-03
  -2.1972656e-03
  -6.9580078e-03
  -7.4462891e-03
  -6.4697266e-03
  -9.8876953e-03
  -1.5014648e-02
  -8.9111328e-03
  -1.3061523e-02
  -1.5014648e-02
  -5.0048828e-03
  -2.9296875e-03
  -5.4931641e-03
  -6.4697266e-03
  -1.6967773e-02
  -2.0874023e-02
  -2.3803711e-02
  -2.4780273e-02
  -2.4780273e-02
  -3.2104492e-02
  -2.8198242e-02
  -3.4057617e-02
  -2.2827148e-02
  -1.5014648e-02
  -1.8920898e-02
  -8.4228516e-03
  -1.2084961e-02
  -2.2827148e-02
  -1.4038086e-02
  -2.4780273e-02
  -2.5756836e-02
  -2.1850586e-02
  -3.2104492e-02
  -1.2084961e-02
  -1.9897461e-02
  -1.4038086e-02
  -6.9580078e-03
  -9.3994141e-03
  -7.4462891e-03
  -1.3061523e-02
  -9.3994141e-03
  -2.1850586e-02
  -1.8920898e-02
  -2.1850586e-02
  -2.2827148e-02
  -1.4038086e-02
  -2.0874023e-02
  -1.1352539e-02
  -1.4648438e-03
  -6.4697266e-03
  -4.0283203e-03
   9.7656250e-04
  -5.0048828e-03
  -1.4648438e-03
  -3.6621094e-03
  -6.4697266e-03
   3.4179688e-03
   1.7089844e-03
   8.4228516e-03
   1.2084961e-02
   1.0864258e-02
   1.4038086e-02
   1.7944336e-02
   1.6967773e-02
   1.3061523e-02
   1.9897461e-02
   2.5756836e-02
   1.8920898e-02
   1.8920898e-02
   2.1850586e-02
   2.2827148e-02
   3.7963867e-02
   3.2104492e-02
   2.5756836e-02
   2.8198242e-02
   2.6733398e-02
   3.7963867e-02
   4.3823242e-02
   4.5776367e-02
   5.1635742e-02
   5.1635742e-02
   4.1870117e-02
   4.1870117e-02
   3.0151367e-02
   2.0874023e-02
   3.0151367e-02
   2.6733398e-02
   2.5756836e-02
   4.3823242e-02
   3.6010742e-02
   3.0151367e-02
   3.7963867e-02
   2.0874023e-02
   3.0151367e-02
   3.7963867e-02
   3.4057617e-02
   3.7963867e-02
   3.4057617e-02
   2.8198242e-02
   2.4780273e-02
   2.0874023e-02
   2.1850586e-02
   1.7944336e-02
   9.8876953e-03
   2.5756836e-02
   1.6967773e-02
   9.3994141e-03
   1.6967773e-02
   4.5166016e-03
   0.0000000e+00
   2.1972656e-03
  -9.7656250e-04
  -9.7656250e-04
   4.5166016e-03
   2.4414063e-03
   5.0048828e-03
  -1.4648438e-03
  -7.9345703e-03
  -7.4462891e-03
  -9.8876953e-03
  -6.9580078e-03
  -7.9345703e-03
  -7.9345703e-03
  -1.2084961e-02
  -1.5991211e-02
  -1.3061523e-02
  -1.0864258e-02
  -6.9580078e-03
  -6.4697266e-03
  -8.4228516e-03
  -4.8828125e-04
   2.4414063e-04
  -3.4179688e-03
   2.4414063e-04
  -5.0048828e-03
  -1.1352539e-02
  -6.4697266e-03
  -8.9111328e-03
  -1.5991211e-02
  -6.4697266e-03
  -1.4648438e-03
  -5.0048828e-03
  -3.4179688e-03
  -1.2207031e-03
  -1.4648438e-03
  -4.0283203e-03
  -1.7089844e-03
  -4.5166016e-03
  -6.4697266e-03
  -2.9296875e-03
  -1.5014648e-02
  -1.5014648e-02
  -8.4228516e-03
  -1.3061523e-02
  -7.9345703e-03
   3.1738281e-03
  -9.7656250e-04
  -8.9111328e-03
   1.1352539e-02
   2.4414063e-03
  -4.5166016e-03
   1.2084961e-02
   1.2207031e-03
   4.0283203e-03
   1.2084961e-02
   1.2084961e-02
   4.0283203e-03
   9.8876953e-03
   5.0048828e-03
  -7.4462891e-03
   5.0048828e-03
  -3.6621094e-03
  -1.2207031e-03
   1.5014648e-02
   9.3994141e-03
   2.0874023e-02
   2.6733398e-02
   1.0864258e-02
   1.3061523e-02
   6.9580078e-03
  -1.7089844e-03
   1.9531250e-03
   4.5166016e-03
   5.9814453e-03
   1.1352539e-02
   1.2084961e-02
   1.2084961e-02
   1.9897461e-02
   1.1352539e-02
   1.0375977e-02
   2.1850586e-02
   7.4462891e-03
   4.0283203e-03
   8.9111328e-03
  -2.9296875e-03
   1.4648438e-03
   6.9580078e-03
   2.9296875e-03
   8.9111328e-03
   1.3061523e-02
   5.9814453e-03
   1.3061523e-02
   4.0283203e-03
  -5.4931641e-03
   5.9814453e-03
  -7.9345703e-03
  -1.0864258e-02
  -2.4414063e-03
  -1.5991211e-02
  -9.3994141e-03
  -1.3061523e-02
  -1.9897461e-02
  -1.1352539e-02
  -1.7944336e-02
  -1.0375977e-02
  -1.2084961e-02
  -1.3061523e-02
  -1.5991211e-02
  -1.7944336e-02
  -5.9814453e-03
  -1.2084961e-02
  -7.4462891e-03
   5.0048828e-03
  -5.9814453e-03
  -3.4179688e-03
   6.9580078e-03
  -2.4414063e-04
   1.9531250e-03
  -4.8828125e-04
  -2.4414063e-03
  -5.4931641e-03
  -9.8876953e-03
  -4.5166016e-03
  -1.2084961e-02
  -8.4228516e-03
   7.3242188e-04
  -1.3061523e-02
  -8.9111328e-03
  -1.4648438e-03
  -8.4228516e-03
  -2.6855469e-03
   8.4228516e-03
  -7.3242188e-04
   1.3061523e-02
   1.3061523e-02
   7.4462891e-03
   3.0151367e-02
   1.0864258e-02
   1.5014648e-02
   2.5756836e-02
   1.2084961e-02
   1.6967773e-02
   3.2104492e-02
   2.5756836e-02
   2.5756836e-02
   3.2104492e-02
   2.2827148e-02
   2.8198242e-02
   3.2104492e-02
   1.8920898e-02
   2.6733398e-02
   2.8198242e-02
   1.4038086e-02
   2.3803711e-02
   1.5991211e-02
   2.3803711e-02
   2.4780273e-02
   2.5756836e-02
   3.0151367e-02
   2.3803711e-02
   3.2104492e-02
   2.4780273e-02
   2.8198242e-02
   3.2104492e-02
   2.8198242e-02
   3.6010742e-02
   1.9897461e-02
   2.1850586e-02
   3.0151367e-02
   2.1972656e-03
   2.8198242e-02
   3.2104492e-02
   1.4038086e-02
   3.9916992e-02
   3.0151367e-02
   1.5991211e-02
   2.8198242e-02
   2.6855469e-03
   1.4038086e-02
   1.6967773e-02
   0.0000000e+00
   2.1850586e-02
   4.0283203e-03
   1.6967773e-02
   1.7944336e-02
  -2.4414063e-03
   1.3061523e-02
   7.9345703e-03
   2.1972656e-03
  -2.6855469e-03
   1.4038086e-02
   4.0283203e-03
  -2.1850586e-02
   1.3061523e-02
   4.0283203e-03
  -3.4057617e-02
   1.3061523e-02
   2.8198242e-02
  -2.8198242e-02
   9.3994141e-03
   2.8198242e-02
  -4.1870117e-02
   5.9814453e-03
   3.9916992e-02
  -1.7944336e-02
   1.4038086e-02
   3.9916992e-02
  -2.4414063e-04
  -1.5014648e-02
   3.7963867e-02
   1.9897461e-02
  -3.4057617e-02
   3.0151367e-02
   3.7963867e-02
  -1.9897461e-02
   1.7089844e-03
   4.1870117e-02
  -1.4038086e-02
  -3.4057617e-02
   3.7963867e-02
  -7.3242188e-04
  -5.7495117e-02
   1.4038086e-02
   2.3803711e-02
  -4.7729492e-02
  -9.8876953e-03
   4.7729492e-02
  -2.2827148e-02
  -4.1870117e-02
   4.7729492e-02
   9.7656250e-04
  -6.4331055e-02
   9.8876953e-03
   1.4038086e-02
  -6.8237305e-02
  -2.2827148e-02
   2.4780273e-02
  -4.5776367e-02
  -6.0424805e-02
   7.9345703e-03
  -1.4038086e-02
  -7.2143555e-02
  -1.5991211e-02
   1.9897461e-02
  -5.3588867e-02
  -3.4057617e-02
   4.7729492e-02
  -1.5014648e-02
  -6.8237305e-02
   1.5991211e-02
   1.2084961e-02
  -9.1674805e-02
  -1.6967773e-02
   4.3823242e-02
  -7.9956055e-02
  -5.7495117e-02
   3.9916992e-02
  -3.4057617e-02
  -8.3862305e-02
   1.0375977e-02
   2.1850586e-02
  -7.9956055e-02
  -3.2104492e-02
   6.0424805e-02
  -2.6733398e-02
  -7.6049805e-02
   3.9916992e-02
   3.9916992e-02
  -8.7768555e-02
   1.4648438e-03
   9.9487305e-02
  -5.1635742e-02
  -4.3823242e-02
   1.1120605e-01
   1.2084961e-02
  -6.8237305e-02
   5.5541992e-02
   6.4331055e-02
  -6.4331055e-02
  -7.9345703e-03
   1.0729980e-01
  -1.0864258e-02
  -6.0424805e-02
   7.9956055e-02
   6.4331055e-02
  -8.3862305e-02
   1.9897461e-02
   1.3269043e-01
  -6.0424805e-02
  -3.9916992e-02
   1.4050293e-01
   3.0151367e-02
  -7.6049805e-02
   9.5581055e-02
   1.1120605e-01
  -6.0424805e-02
   1.5014648e-02
   1.4831543e-01
  -6.9580078e-03
  -6.8237305e-02
   1.3269043e-01
   7.9956055e-02
  -8.7768555e-02
   6.4331055e-02
   1.4050293e-01
  -7.6049805e-02
  -5.3588867e-02
   1.4050293e-01
   2.4414063e-04
  -1.1511230e-01
   9.5581055e-02
   1.0729980e-01
  -9.9487305e-02
   1.2084961e-02
   1.6394043e-01
  -3.4057617e-02
  -8.7768555e-02
   1.3269043e-01
   5.3588867e-02
  -1.4050293e-01
   5.3588867e-02
   1.2487793e-01
  -9.9487305e-02
  -4.5776367e-02
   1.4050293e-01
  -9.3994141e-03
  -1.3269043e-01
   9.9487305e-02
   9.1674805e-02
  -1.3269043e-01
   3.6621094e-03
   1.4050293e-01
  -7.2143555e-02
  -9.5581055e-02
   1.2487793e-01
   4.5776367e-02
  -1.5612793e-01
   4.7729492e-02
   1.3269043e-01
  -1.1901855e-01
  -4.3823242e-02
   1.4831543e-01
  -2.5756836e-02
  -1.3269043e-01
   9.9487305e-02
   8.3862305e-02
  -1.4050293e-01
  -2.6855469e-03
   1.4050293e-01
  -9.9487305e-02
  -1.0729980e-01
   1.4050293e-01
   1.7944336e-02
  -1.5612793e-01
   7.2143555e-02
   1.0729980e-01
  -1.5612793e-01
  -3.4057617e-02
   1.4831543e-01
  -7.2143555e-02
  -1.2487793e-01
   1.3269043e-01
   4.1870117e-02
  -1.5612793e-01
   4.9682617e-02
   1.2487793e-01
  -1.2487793e-01
  -7.2143555e-02
   1.5612793e-01
  -3.2104492e-02
  -1.6394043e-01
   1.0729980e-01
   8.3862305e-02
  -1.7175293e-01
   1.6967773e-02
   1.6394043e-01
  -9.9487305e-02
  -8.3862305e-02
   1.8737793e-01
   1.1352539e-02
  -1.4831543e-01
   1.1120605e-01
   1.0339355e-01
  -1.4050293e-01
  -4.5166016e-03
   1.7956543e-01
  -7.2143555e-02
  -1.0339355e-01
   1.7175293e-01
   2.0874023e-02
  -1.5612793e-01
   1.1120605e-01
   1.1120605e-01
  -1.4831543e-01
   1.2084961e-02
   1.7956543e-01
  -8.7768555e-02
  -7.6049805e-02
   1.8737793e-01
   2.6855469e-03
  -1.2487793e-01
   1.4050293e-01
   9.1674805e-02
  -1.3269043e-01
   5.1635742e-02
   1.6394043e-01
  -8.3862305e-02
  -6.0424805e-02
   1.7175293e-01
  -7.9345703e-03
  -1.3269043e-01
   1.3269043e-01
   8.3862305e-02
  -1.4831543e-01
   3.6010742e-02
   1.4050293e-01
  -1.2487793e-01
  -7.6049805e-02
   1.5612793e-01
  -5.5541992e-02
  -1.4831543e-01
   1.2487793e-01
   3.9916992e-02
  -1.7956543e-01
   4.9682617e-02
   9.5581055e-02
  -1.7175293e-01
  -4.5776367e-02
   1.3269043e-01
  -1.1511230e-01
  -1.3269043e-01
   1.3269043e-01
  -2.4780273e-02
  -1.8737793e-01
   8.3862305e-02
   5.3588867e-02
  -1.9519043e-01
   1.2084961e-02
   1.3269043e-01
  -1.4831543e-01
  -7.2143555e-02
   1.4831543e-01
  -7.6049805e-02
  -1.4050293e-01
   1.4050293e-01
   1.5014648e-02
  -1.5612793e-01
   1.0339355e-01
   1.0729980e-01
  -1.4831543e-01
   1.5991211e-02
   1.6394043e-01
  -1.1120605e-01
  -6.0424805e-02
   1.9519043e-01
  -4.1870117e-02
  -1.3269043e-01
   1.7956543e-01
   4.5776367e-02
  -1.4831543e-01
   1.3269043e-01
   1.3269043e-01
  -1.4050293e-01
   2.6733398e-02
   1.7175293e-01
  -1.0729980e-01
  -6.4331055e-02
   1.9519043e-01
  -2.1850586e-02
  -1.1511230e-01
   1.7956543e-01
   6.0424805e-02
  -1.4831543e-01
   1.0339355e-01
   1.4831543e-01
  -1.5612793e-01
   7.9345703e-03
   2.0300293e-01
  -1.0729980e-01
  -7.2143555e-02
   1.9519043e-01
  -8.4228516e-03
  -1.3269043e-01
   1.4831543e-01
   9.1674805e-02
  -1.4831543e-01
   7.6049805e-02
   1.6394043e-01
  -1.2487793e-01
  -1.3061523e-02
   2.0300293e-01
  -6.0424805e-02
  -8.3862305e-02
   1.8737793e-01
   1.1352539e-02
  -1.3269043e-01
   1.4831543e-01
   9.5581055e-02
  -1.4831543e-01
   7.9956055e-02
   1.4050293e-01
  -1.3269043e-01
   1.7089844e-03
   1.7175293e-01
  -8.7768555e-02
  -5.3588867e-02
   1.8737793e-01
  -2.4780273e-02
  -9.9487305e-02
   1.5612793e-01
   2.6733398e-02
  -1.4050293e-01
   9.5581055e-02
   7.6049805e-02
  -1.3269043e-01
   4.3823242e-02
   1.1511230e-01
  -1.1120605e-01
  -1.4038086e-02
   1.3269043e-01
  -7.9956055e-02
  -6.4331055e-02
   1.3269043e-01
  -5.1635742e-02
  -1.1511230e-01
   1.1901855e-01
  -2.2827148e-02
  -1.4050293e-01
   1.0339355e-01
   2.2827148e-02
  -1.5612793e-01
   7.9956055e-02
   6.8237305e-02
  -1.6394043e-01
   3.2104492e-02
   1.1120605e-01
  -1.6394043e-01
  -1.8920898e-02
   1.6394043e-01
  -1.3269043e-01
  -6.8237305e-02
   1.7956543e-01
  -1.0729980e-01
  -1.4050293e-01
   1.7175293e-01
  -5.5541992e-02
  -1.8737793e-01
   1.4831543e-01
   7.4462891e-03
  -2.1081543e-01
   1.1120605e-01
   6.8237305e-02
  -2.1862793e-01
   6.4331055e-02
   1.2487793e-01
  -1.9519043e-01
   9.8876953e-03
   1.5612793e-01
  -1.4050293e-01
  -1.7944336e-02
   1.6394043e-01
  -9.5581055e-02
  -3.4057617e-02
   1.3269043e-01
  -7.6049805e-02
  -3.0151367e-02
   9.5581055e-02
  -5.1635742e-02
   4.0283203e-03
   5.7495117e-02
  -4.1870117e-02
   3.7963867e-02
   3.0151367e-02
  -5.1635742e-02
   5.7495117e-02
  -4.5166016e-03
  -6.4331055e-02
   6.8237305e-02
   4.0283203e-03
  -7.2143555e-02
   6.0424805e-02
   2.4780273e-02
  -1.0339355e-01
   4.7729492e-02
   3.6010742e-02
  -1.1901855e-01
   5.1635742e-02
   5.7495117e-02
  -1.1511230e-01
   6.4331055e-02
   5.1635742e-02
  -1.1511230e-01
   6.8237305e-02
   1.9897461e-02
  -7.9956055e-02
   5.1635742e-02
  -1.4038086e-02
  -2.8198242e-02
   5.0048828e-03
  -8.9111328e-03
   1.5014648e-02
  -5.3588867e-02
   2.8198242e-02
   4.3823242e-02
  -9.5581055e-02
   7.6049805e-02
   3.4057617e-02
  -1.0729980e-01
   8.7768555e-02
   2.1850586e-02
  -6.4331055e-02
   6.8237305e-02
   5.1635742e-02
  -1.8920898e-02
   6.9580078e-03
   6.0424805e-02
  -1.1352539e-02
  -3.2104492e-02
   8.3862305e-02
  -3.1738281e-03
  -3.4057617e-02
   7.2143555e-02
   1.6967773e-02
  -7.4462891e-03
   1.8920898e-02
   3.9916992e-02
   7.4462891e-03
  -2.8198242e-02
   6.8237305e-02
   2.6855469e-03
  -4.5776367e-02
   7.2143555e-02
   1.9897461e-02
  -8.9111328e-03
   2.1850586e-02
   2.8198242e-02
   2.1850586e-02
  -3.6010742e-02
   3.9916992e-02
   4.9682617e-02
  -5.7495117e-02
   3.9916992e-02
   6.4331055e-02
  -3.7963867e-02
   1.4648438e-03
   6.0424805e-02
   4.0283203e-03
  -6.4331055e-02
   6.4331055e-02
   5.3588867e-02
  -1.1120605e-01
   5.3588867e-02
   8.7768555e-02
  -1.0339355e-01
   1.5014648e-02
   1.2487793e-01
  -5.3588867e-02
  -5.7495117e-02
   1.4831543e-01
  -1.6967773e-02
  -1.1511230e-01
   1.5612793e-01
   3.2104492e-02
  -1.4831543e-01
   1.1901855e-01
   6.4331055e-02
  -1.4050293e-01
   5.7495117e-02
   1.0729980e-01
  -1.1120605e-01
  -3.6010742e-02
   1.7175293e-01
  -7.2143555e-02
  -1.2487793e-01
   2.1081543e-01
  -1.5014648e-02
  -2.1862793e-01
   1.9519043e-01
   9.1674805e-02
  -2.6940918e-01
   1.4831543e-01
   1.9519043e-01
  -2.8503418e-01
   3.7963867e-02
   2.5378418e-01
  -2.0300293e-01
  -9.5581055e-02
   2.6940918e-01
  -5.3588867e-02
  -2.1081543e-01
   2.0300293e-01
   1.2487793e-01
  -2.3425293e-01
   6.4331055e-02
   2.4206543e-01
  -1.6394043e-01
  -1.2487793e-01
   2.6940918e-01
   1.3061523e-02
  -2.6940918e-01
   1.5612793e-01
   2.0300293e-01
  -2.5378418e-01
  -4.5776367e-02
   2.8503418e-01
  -7.6049805e-02
  -1.9519043e-01
   1.7956543e-01
   1.6394043e-01
  -1.9519043e-01
  -8.3862305e-02
   2.5378418e-01
  -5.0048828e-03
  -2.5378418e-01
   9.9487305e-02
   2.2644043e-01
  -1.2487793e-01
  -1.7956543e-01
   1.7175293e-01
   1.8737793e-01
  -2.5378418e-01
  -1.6394043e-01
   3.4753418e-01
   1.5991211e-02
  -3.9440918e-01
   1.5612793e-01
   3.3190918e-01
  -2.8503418e-01
  -2.1862793e-01
   3.3190918e-01
   1.1511230e-01
  -3.3190918e-01
  -7.4462891e-03
   3.3190918e-01
  -3.4057617e-02
  -3.0065918e-01
   9.9487305e-02
   3.0065918e-01
  -1.1901855e-01
  -2.6940918e-01
   2.1862793e-01
   2.5378418e-01
  -3.3190918e-01
  -1.7956543e-01
   3.7878418e-01
  -1.6967773e-02
  -3.9440918e-01
   8.7768555e-02
   3.0065918e-01
  -1.5612793e-01
  -2.8503418e-01
   1.7956543e-01
   2.5378418e-01
  -2.5378418e-01
  -2.5378418e-01
   3.0065918e-01
   1.5612793e-01
  -3.7878418e-01
  -7.2143555e-02
   3.6315918e-01
  -1.7944336e-02
  -3.7878418e-01
   4.7729492e-02
   3.6315918e-01
  -1.7175293e-01
  -3.6315918e-01
   2.1862793e-01
   2.8503418e-01
  -3.0065918e-01
  -2.6940918e-01
   3.4753418e-01
   1.6394043e-01
  -4.2565918e-01
  -3.7963867e-02
   4.2565918e-01
  -4.1870117e-02
  -3.9440918e-01
   1.1120605e-01
   3.9440918e-01
  -1.8737793e-01
  -3.6315918e-01
   2.6940918e-01
   3.4753418e-01
  -2.8503418e-01
  -2.2644043e-01
   3.7878418e-01
   2.2644043e-01
  -3.6315918e-01
  -1.2487793e-01
   4.5690918e-01
   4.7729492e-02
  -4.2565918e-01
   1.1120605e-01
   4.5690918e-01
  -1.7956543e-01
  -3.4753418e-01
   3.3190918e-01
   3.0065918e-01
  -3.3190918e-01
  -1.6394043e-01
   4.1003418e-01
   1.3269043e-01
  -3.4753418e-01
   4.5166016e-03
   3.9440918e-01
   5.7495117e-02
  -3.3190918e-01
   3.9916992e-02
   4.4128418e-01
  -8.7768555e-02
  -3.7878418e-01
   2.1862793e-01
   3.6315918e-01
  -2.4206543e-01
  -2.5378418e-01
   3.4753418e-01
   2.5378418e-01
  -3.3190918e-01
  -1.1120605e-01
   4.1003418e-01
   1.0729980e-01
  -3.1628418e-01
   1.9897461e-02
   3.7878418e-01
   2.2827148e-02
  -2.8503418e-01
   6.4331055e-02
   3.4753418e-01
  -2.8198242e-02
  -3.0065918e-01
   1.1901855e-01
   3.3190918e-01
  -1.3269043e-01
  -2.8503418e-01
   1.8737793e-01
   2.6940918e-01
  -2.3425293e-01
  -2.5378418e-01
   2.6940918e-01
   1.9519043e-01
  -2.8503418e-01
  -1.7956543e-01
   3.0065918e-01
   1.1901855e-01
  -4.1003418e-01
  -6.8237305e-02
   3.6315918e-01
  -8.3862305e-02
  -3.6315918e-01
   1.1120605e-01
   2.6940918e-01
  -1.5612793e-01
  -2.3425293e-01
   1.3269043e-01
   2.1862793e-01
  -1.4050293e-01
  -2.6940918e-01
   1.3269043e-01
   2.4206543e-01
  -2.6940918e-01
  -2.8503418e-01
   2.6940918e-01
   1.5612793e-01
  -3.4753418e-01
  -1.4050293e-01
   3.0065918e-01
   6.0424805e-02
  -3.1628418e-01
  -3.0151367e-02
   2.8503418e-01
  -4.0283203e-03
  -3.0065918e-01
   2.2827148e-02
   2.8503418e-01
  -8.3862305e-02
  -2.6940918e-01
   9.1674805e-02
   2.2644043e-01
  -1.1511230e-01
  -2.5378418e-01
   1.0729980e-01
   2.5378418e-01
  -1.6394043e-01
  -2.6940918e-01
   2.1862793e-01
   2.2644043e-01
  -2.8503418e-01
  -1.6394043e-01
   2.8503418e-01
   1.0729980e-01
  -2.6940918e-01
  -5.7495117e-02
   2.8503418e-01
   6.8237305e-02
  -2.6940918e-01
  -1.6967773e-02
   3.1628418e-01
  -2.0874023e-02
  -3.1628418e-01
   7.6049805e-02
   3.0065918e-01
  -1.5612793e-01
  -2.6940918e-01
   2.0300293e-01
   2.1862793e-01
  -2.1081543e-01
  -2.1081543e-01
   2.3425293e-01
   2.1081543e-01
  -3.0065918e-01
  -1.3269043e-01
   3.4753418e-01
   5.3588867e-02
  -3.1628418e-01
   3.4057617e-02
   3.3190918e-01
  -5.3588867e-02
  -2.8503418e-01
   1.3269043e-01
   2.6940918e-01
  -1.3269043e-01
  -2.1081543e-01
   1.8737793e-01
   2.4206543e-01
  -2.1081543e-01
  -1.8737793e-01
   2.6940918e-01
   1.4831543e-01
  -2.6940918e-01
  -1.0339355e-01
   2.8503418e-01
   6.4331055e-02
  -3.1628418e-01
  -1.3061523e-02
   3.0065918e-01
  -5.3588867e-02
  -3.0065918e-01
   9.5581055e-02
   2.8503418e-01
  -1.7956543e-01
  -2.8503418e-01
   2.2644043e-01
   1.8737793e-01
  -3.0065918e-01
  -1.4831543e-01
   2.8503418e-01
   6.8237305e-02
  -3.1628418e-01
  -7.2143555e-02
   3.0065918e-01
   1.6967773e-02
  -3.4753418e-01
   5.1635742e-02
   3.3190918e-01
  -1.4831543e-01
  -2.8503418e-01
   2.2644043e-01
   2.5378418e-01
  -2.2644043e-01
  -1.7175293e-01
   2.8503418e-01
   1.7956543e-01
  -3.0065918e-01
  -5.5541992e-02
   3.9440918e-01
   1.5991211e-02
  -3.0065918e-01
   1.3269043e-01
   3.1628418e-01
  -1.0339355e-01
  -2.3425293e-01
   1.5612793e-01
   2.6940918e-01
  -1.5612793e-01
  -2.1081543e-01
   2.5378418e-01
   2.3425293e-01
  -2.5378418e-01
  -1.2487793e-01
   3.3190918e-01
   6.8237305e-02
  -3.0065918e-01
   3.4057617e-02
   3.4753418e-01
  -2.8198242e-02
  -2.6940918e-01
   1.3269043e-01
   2.8503418e-01
  -1.4050293e-01
  -2.1081543e-01
   2.3425293e-01
   2.2644043e-01
  -2.1862793e-01
  -1.1901855e-01
   2.8503418e-01
   9.5581055e-02
  -2.8503418e-01
  -2.2827148e-02
   2.8503418e-01
  -9.3994141e-03
  -2.2644043e-01
   6.4331055e-02
   2.6940918e-01
  -9.5581055e-02
  -2.5378418e-01
   2.0300293e-01
   1.8737793e-01
  -2.4206543e-01
  -7.6049805e-02
   2.6940918e-01
   4.3823242e-02
  -1.9519043e-01
   4.9682617e-02
   2.1862793e-01
  -8.7768555e-02
  -1.7175293e-01
   1.4831543e-01
   1.2487793e-01
  -1.6394043e-01
  -6.0424805e-02
   2.1081543e-01
   1.4038086e-02
  -2.0300293e-01
   8.7768555e-02
   1.7175293e-01
  -1.7175293e-01
  -1.2487793e-01
   1.8737793e-01
   1.0864258e-02
  -2.4206543e-01
   6.4331055e-02
   1.9519043e-01
  -1.5612793e-01
  -1.2487793e-01
   1.7956543e-01
   5.7495117e-02
  -2.0300293e-01
  -1.5991211e-02
   2.2644043e-01
  -7.6049805e-02
  -2.0300293e-01
   1.6394043e-01
   1.4050293e-01
  -1.7956543e-01
  -4.9682617e-02
   2.1862793e-01
   4.1870117e-02
  -1.9519043e-01
   3.6010742e-02
   1.9519043e-01
  -8.7768555e-02
  -1.4050293e-01
   1.3269043e-01
   1.3269043e-01
  -1.1120605e-01
  -5.3588867e-02
   1.6394043e-01
   3.2104492e-02
  -1.3269043e-01
   3.4057617e-02
   1.1901855e-01
  -2.8198242e-02
  -5.7495117e-02
   4.1870117e-02
   7.6049805e-02
  -1.2084961e-02
  -5.5541992e-02
   2.8198242e-02
   4.1870117e-02
  -3.4057617e-02
  -5.7495117e-02
   1.7944336e-02
   5.5541992e-02
  -5.1635742e-02
  -7.9956055e-02
   4.3823242e-02
   3.9916992e-02
  -9.5581055e-02
  -7.2143555e-02
   8.7768555e-02
   8.4228516e-03
  -1.5612793e-01
  -1.9531250e-03
   1.1511230e-01
  -7.6049805e-02
  -1.1901855e-01
   7.9956055e-02
   6.8237305e-02
  -1.2487793e-01
  -6.0424805e-02
   9.9487305e-02
  -3.7963867e-02
  -1.2487793e-01
   2.8198242e-02
   3.9916992e-02
  -7.9956055e-02
  -3.7963867e-02
   2.8198242e-02
  -2.3803711e-02
  -2.6733398e-02
  -1.7089844e-03
  -3.4057617e-02
  -8.9111328e-03
   1.9897461e-02
  -6.8237305e-02
  -4.1870117e-02
   4.7729492e-02
  -3.4057617e-02
  -8.3862305e-02
   3.9916992e-02
   2.2827148e-02
  -8.3862305e-02
  -5.9814453e-03
   3.6010742e-02
  -2.0874023e-02
  -1.8920898e-02
  -9.3994141e-03
   0.0000000e+00
   4.1870117e-02
  -3.4057617e-02
  -6.0424805e-02
   9.9487305e-02
   2.6733398e-02
  -1.1901855e-01
   6.8237305e-02
   1.1120605e-01
  -8.7768555e-02
  -2.9296875e-03
   1.3269043e-01
   2.4414063e-04
  -1.9897461e-02
   7.2143555e-02
   1.5991211e-02
   1.0864258e-02
   4.1870117e-02
  -3.0151367e-02
   3.4057617e-02
   9.5581055e-02
  -4.7729492e-02
   2.1972656e-03
   1.4831543e-01
  -3.1738281e-03
  -3.2104492e-02
   1.1511230e-01
   5.5541992e-02
  -1.5991211e-02
   3.0151367e-02
   7.6049805e-02
   5.7495117e-02
  -5.4931641e-03
   3.9916992e-02
   9.9487305e-02
   3.9916992e-02
  -4.5166016e-03
   4.9682617e-02
   8.7768555e-02
   1.6967773e-02
  -1.3061523e-02
   8.7768555e-02
   7.6049805e-02
  -2.8198242e-02
   3.0151367e-02
   8.7768555e-02
   5.4931641e-03
  -2.9296875e-03
   3.9916992e-02
   4.1870117e-02
   3.2104492e-02
  -3.6621094e-03
   1.6967773e-02
   5.5541992e-02
   1.0375977e-02
  -2.3803711e-02
   4.3823242e-02
   4.5776367e-02
  -3.2104492e-02
   9.8876953e-03
   2.4780273e-02
  -1.7944336e-02
   1.2207031e-03
  -2.3803711e-02
  -1.9897461e-02
   4.1870117e-02
  -4.7729492e-02
  -7.9956055e-02
   6.8237305e-02
  -1.7089844e-03
  -1.1901855e-01
   3.4057617e-02
   5.7495117e-02
  -1.1120605e-01
  -3.7963867e-02
   7.2143555e-02
  -6.4331055e-02
  -6.4331055e-02
   4.7729492e-02
  -2.6733398e-02
  -5.5541992e-02
   3.2104492e-02
  -6.4697266e-03
  -7.6049805e-02
   2.0874023e-02
   2.6733398e-02
  -1.0339355e-01
  -1.3061523e-02
   8.3862305e-02
  -5.3588867e-02
  -7.2143555e-02
   8.7768555e-02
   4.3823242e-02
  -1.0729980e-01
  -3.4179688e-03
   1.1901855e-01
  -4.9682617e-02
  -1.1901855e-01
   1.1511230e-01
   7.6049805e-02
  -1.5612793e-01
   2.1850586e-02
   1.5612793e-01
  -6.8237305e-02
  -9.5581055e-02
   1.2487793e-01
   6.4331055e-02
  -1.4050293e-01
   3.2104492e-02
   1.6394043e-01
  -8.3862305e-02
  -7.9956055e-02
   1.4831543e-01
   2.0874023e-02
  -1.4050293e-01
   6.4331055e-02
   1.2487793e-01
  -1.0339355e-01
  -2.3803711e-02
   1.6394043e-01
  -1.9897461e-02
  -9.1674805e-02
   1.0339355e-01
   7.2143555e-02
  -1.0339355e-01
  -7.4462891e-03
   1.2487793e-01
  -4.9682617e-02
  -9.5581055e-02
   1.2487793e-01
   2.8198242e-02
  -1.4831543e-01
   4.1870117e-02
   9.1674805e-02
  -1.3269043e-01
  -5.3588867e-02
   1.3269043e-01
  -5.5541992e-02
  -1.2487793e-01
   1.0339355e-01
   4.9682617e-02
  -1.5612793e-01
   7.4462891e-03
   1.2487793e-01
  -1.0339355e-01
  -1.1120605e-01
   1.4050293e-01
   1.1352539e-02
  -1.9519043e-01
   7.2143555e-02
   1.4050293e-01
  -1.6394043e-01
  -5.5541992e-02
   1.7956543e-01
  -5.1635742e-02
  -1.7956543e-01
   9.5581055e-02
   9.9487305e-02
  -1.7956543e-01
  -2.2827148e-02
   1.7956543e-01
  -7.2143555e-02
  -1.4050293e-01
   1.1511230e-01
   5.5541992e-02
  -1.7956543e-01
  -3.0151367e-02
   1.5612793e-01
  -9.5581055e-02
  -1.3269043e-01
   1.7175293e-01
   4.3823242e-02
  -1.8737793e-01
   6.4331055e-02
   1.7175293e-01
  -1.4050293e-01
  -9.1674805e-02
   2.1862793e-01
   7.3242188e-04
  -2.2644043e-01
   1.3269043e-01
   1.7956543e-01
  -2.2644043e-01
  -4.3823242e-02
   2.8503418e-01
  -7.2143555e-02
  -2.3425293e-01
   2.2644043e-01
   1.5612793e-01
  -2.8503418e-01
   3.4057617e-02
   3.0065918e-01
  -1.4050293e-01
  -1.6394043e-01
   2.8503418e-01
   7.2143555e-02
  -2.5378418e-01
   8.7768555e-02
   2.3425293e-01
  -1.4831543e-01
  -1.1511230e-01
   2.4206543e-01
   6.0424805e-02
  -2.0300293e-01
   9.9487305e-02
   2.2644043e-01
  -1.4831543e-01
  -9.1674805e-02
   2.6940918e-01
   2.2827148e-02
  -1.8737793e-01
   1.5612793e-01
   1.7956543e-01
  -1.6394043e-01
  -4.3823242e-02
   2.3425293e-01
   1.8920898e-02
  -2.0300293e-01
   1.2487793e-01
   2.2644043e-01
  -1.8737793e-01
  -6.4331055e-02
   3.0065918e-01
  -1.0864258e-02
  -2.3425293e-01
   1.7956543e-01
   2.1081543e-01
  -2.2644043e-01
  -5.7495117e-02
   2.8503418e-01
  -2.6733398e-02
  -2.5378418e-01
   1.7175293e-01
   2.2644043e-01
  -2.5378418e-01
  -9.1674805e-02
   3.1628418e-01
  -3.9916992e-02
  -2.8503418e-01
   1.9519043e-01
   2.0300293e-01
  -2.6940918e-01
  -5.7495117e-02
   3.0065918e-01
  -5.3588867e-02
  -2.4206543e-01
   1.5612793e-01
   1.8737793e-01
  -2.1862793e-01
  -1.0729980e-01
   2.6940918e-01
  -2.6855469e-03
  -2.6940918e-01
   1.1120605e-01
   2.1081543e-01
  -2.1081543e-01
  -1.4831543e-01
   2.4206543e-01
   3.4057617e-02
  -2.5378418e-01
   6.4331055e-02
   2.2644043e-01
  -1.2487793e-01
  -1.7175293e-01
   1.7956543e-01
   1.1901855e-01
  -2.4206543e-01
  -5.5541992e-02
   2.3425293e-01
  -5.7495117e-02
  -2.1862793e-01
   1.2487793e-01
   1.5612793e-01
  -1.6394043e-01
  -1.0729980e-01
   1.7175293e-01
   5.5541992e-02
  -2.0300293e-01
  -3.0151367e-02
   2.1081543e-01
  -4.7729492e-02
  -2.4206543e-01
   1.1511230e-01
   1.9519043e-01
  -2.3425293e-01
  -1.4050293e-01
   2.6940918e-01
   1.9897461e-02
  -2.8503418e-01
   7.2143555e-02
   2.4206543e-01
  -1.8737793e-01
  -2.3425293e-01
   2.3425293e-01
   1.3269043e-01
  -3.1628418e-01
  -6.4331055e-02
   3.3190918e-01
  -6.8237305e-02
  -3.4753418e-01
   1.8737793e-01
   2.5378418e-01
  -3.1628418e-01
  -2.0300293e-01
   3.4753418e-01
   4.9682617e-02
  -4.1003418e-01
   5.7495117e-02
   3.7878418e-01
  -2.1081543e-01
  -3.1628418e-01
   3.0065918e-01
   2.0300293e-01
  -3.7878418e-01
  -9.5581055e-02
   4.1003418e-01
  -3.9916992e-02
  -3.9440918e-01
   1.6394043e-01
   3.4753418e-01
  -2.6940918e-01
  -2.6940918e-01
   3.6315918e-01
   1.7175293e-01
  -4.1003418e-01
  -3.7963867e-02
   4.4128418e-01
  -8.7768555e-02
  -3.9440918e-01
   2.1862793e-01
   3.4753418e-01
  -3.0065918e-01
  -2.3425293e-01
   3.9440918e-01
   1.7175293e-01
  -3.9440918e-01
  -3.1738281e-03
   4.5690918e-01
  -7.6049805e-02
  -3.7878418e-01
   2.5378418e-01
   3.4753418e-01
  -3.3190918e-01
  -2.0300293e-01
   4.2565918e-01
   1.3269043e-01
  -3.9440918e-01
   3.9916992e-02
   4.7253418e-01
  -9.5581055e-02
  -3.7878418e-01
   2.6940918e-01
   3.4753418e-01
  -3.3190918e-01
  -2.0300293e-01
   4.2565918e-01
   1.4831543e-01
  -3.9440918e-01
   4.7729492e-02
   4.5690918e-01
  -1.0339355e-01
  -3.6315918e-01
   2.6940918e-01
   3.4753418e-01
  -3.0065918e-01
  -1.8737793e-01
   3.9440918e-01
   1.4831543e-01
  -3.4753418e-01
   1.7944336e-02
   4.1003418e-01
  -2.9296875e-03
  -3.0065918e-01
   1.5612793e-01
   3.6315918e-01
  -1.6394043e-01
  -2.5378418e-01
   2.8503418e-01
   2.3425293e-01
  -3.1628418e-01
  -1.4050293e-01
   3.7878418e-01
   4.3823242e-02
  -3.9440918e-01
   5.3588867e-02
   3.6315918e-01
  -1.7175293e-01
  -3.4753418e-01
   2.3425293e-01
   2.5378418e-01
  -3.1628418e-01
  -2.0300293e-01
   3.4753418e-01
   7.2143555e-02
  -3.9440918e-01
   6.4697266e-03
   3.6315918e-01
  -1.1120605e-01
  -3.4753418e-01
   1.9519043e-01
   2.8503418e-01
  -2.6940918e-01
  -2.2644043e-01
   3.0065918e-01
   1.4050293e-01
  -3.6315918e-01
  -6.8237305e-02
   3.6315918e-01
  -4.3823242e-02
  -3.6315918e-01
   1.3269043e-01
   3.1628418e-01
  -2.2644043e-01
  -2.5378418e-01
   2.6940918e-01
   1.7175293e-01
  -3.0065918e-01
  -9.1674805e-02
   3.1628418e-01
   2.4780273e-02
  -3.1628418e-01
   4.5776367e-02
   3.0065918e-01
  -1.0729980e-01
  -2.6940918e-01
   1.6394043e-01
   2.3425293e-01
  -2.1862793e-01
  -2.1081543e-01
   2.5378418e-01
   1.4831543e-01
  -2.8503418e-01
  -9.9487305e-02
   3.1628418e-01
   3.6010742e-02
  -3.3190918e-01
   3.7963867e-02
   3.3190918e-01
  -1.3269043e-01
  -3.1628418e-01
   1.8737793e-01
   2.5378418e-01
  -2.8503418e-01
  -2.1081543e-01
   3.1628418e-01
   1.2487793e-01
  -3.3190918e-01
  -4.3823242e-02
   3.4753418e-01
  -1.3061523e-02
  -3.1628418e-01
   1.0729980e-01
   3.1628418e-01
  -1.4050293e-01
  -2.5378418e-01
   2.1081543e-01
   2.2644043e-01
  -2.1862793e-01
  -1.4831543e-01
   2.6940918e-01
   1.6394043e-01
  -2.5378418e-01
  -6.8237305e-02
   3.1628418e-01
   3.6010742e-02
  -3.0065918e-01
   6.0424805e-02
   3.1628418e-01
  -1.1901855e-01
  -2.8503418e-01
   1.9519043e-01
   2.5378418e-01
  -2.4206543e-01
  -1.7956543e-01
   3.0065918e-01
   9.9487305e-02
  -3.3190918e-01
  -5.3588867e-02
   3.1628418e-01
  -5.3588867e-02
  -3.3190918e-01
   9.9487305e-02
   2.6940918e-01
  -1.4831543e-01
  -2.4206543e-01
   1.8737793e-01
   2.1862793e-01
  -2.2644043e-01
  -1.7956543e-01
   2.5378418e-01
   1.3269043e-01
  -2.8503418e-01
  -7.6049805e-02
   3.0065918e-01
   2.3803711e-02
  -2.8503418e-01
   4.9682617e-02
   2.8503418e-01
  -9.5581055e-02
  -2.5378418e-01
   1.4831543e-01
   2.3425293e-01
  -1.7956543e-01
  -1.9519043e-01
   2.4206543e-01
   1.4831543e-01
  -2.6940918e-01
  -7.9956055e-02
   2.8503418e-01
   1.5991211e-02
  -3.0065918e-01
   6.0424805e-02
   2.8503418e-01
  -1.3269043e-01
  -2.4206543e-01
   1.9519043e-01
   2.2644043e-01
  -2.1081543e-01
  -1.4050293e-01
   2.6940918e-01
   9.9487305e-02
  -2.6940918e-01
  -1.3061523e-02
   2.8503418e-01
  -1.9897461e-02
  -2.3425293e-01
   1.1120605e-01
   2.5378418e-01
  -1.2487793e-01
  -1.8737793e-01
   1.7956543e-01
   1.4831543e-01
  -2.0300293e-01
  -9.5581055e-02
   2.1081543e-01
   6.4331055e-02
  -2.1862793e-01
  -2.1850586e-02
   2.3425293e-01
  -3.4179688e-03
  -2.3425293e-01
   4.7729492e-02
   2.3425293e-01
  -1.0339355e-01
  -2.1862793e-01
   1.7175293e-01
   2.0300293e-01
  -1.9519043e-01
  -1.3269043e-01
   2.5378418e-01
   9.9487305e-02
  -2.5378418e-01
  -3.2104492e-02
   2.8503418e-01
  -2.6733398e-02
  -2.8503418e-01
   1.0339355e-01
   2.6940918e-01
  -1.7175293e-01
  -2.1081543e-01
   2.5378418e-01
   1.4831543e-01
  -2.6940918e-01
  -7.2143555e-02
   2.8503418e-01
   2.4780273e-02
  -2.8503418e-01
   7.2143555e-02
   3.0065918e-01
  -1.3269043e-01
  -2.1862793e-01
   2.1081543e-01
   1.9519043e-01
  -2.1081543e-01
  -9.9487305e-02
   2.8503418e-01
   6.8237305e-02
  -2.5378418e-01
   3.4057617e-02
   2.8503418e-01
  -5.5541992e-02
  -2.2644043e-01
   1.5612793e-01
   2.1862793e-01
  -1.7956543e-01
  -1.4831543e-01
   2.4206543e-01
   1.3269043e-01
  -2.3425293e-01
  -3.4057617e-02
   3.0065918e-01
  -1.6967773e-02
  -2.8503418e-01
   1.1901855e-01
   2.8503418e-01
  -1.6394043e-01
  -2.1081543e-01
   2.5378418e-01
   1.7175293e-01
  -2.6940918e-01
  -8.3862305e-02
   3.3190918e-01
   9.3994141e-03
  -3.3190918e-01
   1.0339355e-01
   3.3190918e-01
  -1.9519043e-01
  -2.5378418e-01
   2.8503418e-01
   1.7175293e-01
  -3.3190918e-01
  -8.3862305e-02
   3.4753418e-01
  -2.3803711e-02
  -3.4753418e-01
   1.1901855e-01
   3.1628418e-01
  -2.1081543e-01
  -2.5378418e-01
   2.6940918e-01
   1.6394043e-01
  -3.4753418e-01
  -9.5581055e-02
   3.4753418e-01
  -3.4057617e-02
  -3.4753418e-01
   1.2487793e-01
   3.0065918e-01
  -2.1081543e-01
  -2.4206543e-01
   2.6940918e-01
   1.7175293e-01
  -3.0065918e-01
  -7.2143555e-02
   3.6315918e-01
   3.4179688e-03
  -3.0065918e-01
   1.2487793e-01
   3.0065918e-01
  -1.7175293e-01
  -2.5378418e-01
   2.5378418e-01
   1.8737793e-01
  -3.0065918e-01
  -6.8237305e-02
   3.4753418e-01
  -5.4931641e-03
  -3.0065918e-01
   1.1901855e-01
   2.6940918e-01
  -1.8737793e-01
  -1.9519043e-01
   2.5378418e-01
   1.2487793e-01
  -2.6940918e-01
  -2.4780273e-02
   3.0065918e-01
  -4.3823242e-02
  -2.5378418e-01
   1.4831543e-01
   2.4206543e-01
  -1.9519043e-01
  -1.4050293e-01
   2.8503418e-01
   7.9956055e-02
  -2.6940918e-01
   4.5776367e-02
   2.8503418e-01
  -9.9487305e-02
  -2.0300293e-01
   1.9519043e-01
   1.6394043e-01
  -2.1862793e-01
  -7.2143555e-02
   2.5378418e-01
  -9.3994141e-03
  -2.5378418e-01
   1.0339355e-01
   2.1081543e-01
  -1.6394043e-01
  -1.3269043e-01
   2.1081543e-01
   6.8237305e-02
  -2.3425293e-01
  -2.4780273e-02
   2.1862793e-01
  -5.5541992e-02
  -2.0300293e-01
   1.1901855e-01
   1.7175293e-01
  -1.8737793e-01
  -1.4831543e-01
   1.9519043e-01
   3.6010742e-02
  -2.5378418e-01
  -1.0375977e-02
   2.1862793e-01
  -7.9956055e-02
  -2.3425293e-01
   1.1511230e-01
   1.5612793e-01
  -2.2644043e-01
  -1.6394043e-01
   2.1862793e-01
   4.1870117e-02
  -2.8503418e-01
  -9.3994141e-03
   2.4206543e-01
  -9.9487305e-02
  -2.6940918e-01
   1.4050293e-01
   1.9519043e-01
  -2.2644043e-01
  -1.4831543e-01
   2.3425293e-01
   5.3588867e-02
  -2.8503418e-01
  -1.2084961e-02
   2.5378418e-01
  -6.4331055e-02
  -2.5378418e-01
   1.2487793e-01
   2.1081543e-01
  -1.7956543e-01
  -1.7956543e-01
   2.2644043e-01
   1.3269043e-01
  -2.5378418e-01
  -5.7495117e-02
   2.6940918e-01
   1.3061523e-02
  -2.6940918e-01
   6.4331055e-02
   2.8503418e-01
  -1.4831543e-01
  -2.4206543e-01
   2.2644043e-01
   1.8737793e-01
  -2.8503418e-01
  -9.5581055e-02
   3.1628418e-01
   2.6733398e-02
  -3.0065918e-01
   8.7768555e-02
   3.1628418e-01
  -1.1901855e-01
  -2.1862793e-01
   2.5378418e-01
   2.2644043e-01
  -2.5378418e-01
  -9.1674805e-02
   3.6315918e-01
   4.7729492e-02
  -3.0065918e-01
   1.2487793e-01
   3.3190918e-01
  -1.5612793e-01
  -2.1081543e-01
   2.8503418e-01
   2.1081543e-01
  -2.5378418e-01
  -4.1870117e-02
   3.6315918e-01
   4.3823242e-02
  -2.6940918e-01
   1.4050293e-01
   3.3190918e-01
  -1.4050293e-01
  -2.1862793e-01
   2.5378418e-01
   2.0300293e-01
  -2.5378418e-01
  -7.2143555e-02
   3.4753418e-01
   4.5776367e-02
  -2.6940918e-01
   1.1901855e-01
   3.1628418e-01
  -1.2487793e-01
  -2.1081543e-01
   2.3425293e-01
   1.9519043e-01
  -2.3425293e-01
  -9.1674805e-02
   3.0065918e-01
   6.0424805e-02
  -2.8503418e-01
   4.7729492e-02
   3.0065918e-01
  -1.2487793e-01
  -2.4206543e-01
   2.0300293e-01
   1.7175293e-01
  -2.6940918e-01
  -1.0729980e-01
   2.8503418e-01
   3.1738281e-03
  -2.8503418e-01
   7.9956055e-02
   2.5378418e-01
  -1.6394043e-01
  -1.9519043e-01
   2.1862793e-01
   1.2487793e-01
  -2.6940918e-01
  -6.4331055e-02
   2.5378418e-01
  -5.7495117e-02
  -2.6940918e-01
   1.0339355e-01
   2.0300293e-01
  -1.8737793e-01
  -1.5612793e-01
   1.9519043e-01
   4.7729492e-02
  -2.5378418e-01
  -3.4057617e-02
   2.0300293e-01
  -6.4331055e-02
  -1.9519043e-01
   9.1674805e-02
   1.5612793e-01
  -1.2487793e-01
  -1.4831543e-01
   1.4831543e-01
   9.5581055e-02
  -1.9519043e-01
  -6.8237305e-02
   2.0300293e-01
  -5.9814453e-03
  -2.0300293e-01
   5.7495117e-02
   1.7956543e-01
  -1.0339355e-01
  -1.7175293e-01
   1.3269043e-01
   1.3269043e-01
  -1.7956543e-01
  -9.9487305e-02
   1.9519043e-01
   3.2104492e-02
  -1.9519043e-01
   2.5756836e-02
   1.7175293e-01
  -7.2143555e-02
  -1.6394043e-01
   8.3862305e-02
   1.1511230e-01
  -1.3269043e-01
  -1.1901855e-01
   1.4050293e-01
   7.2143555e-02
  -1.7175293e-01
  -3.7963867e-02
   1.6394043e-01
  -1.7944336e-02
  -1.8737793e-01
   2.3803711e-02
   1.4050293e-01
  -7.6049805e-02
  -1.3269043e-01
   1.0339355e-01
   1.0729980e-01
  -1.1901855e-01
  -7.6049805e-02
   1.1511230e-01
   4.9682617e-02
  -1.1511230e-01
  -3.4057617e-02
   1.1901855e-01
   2.8198242e-02
  -9.9487305e-02
   9.7656250e-04
   1.0339355e-01
  -1.2084961e-02
  -8.7768555e-02
   2.5756836e-02
   6.8237305e-02
  -3.2104492e-02
  -4.9682617e-02
   2.3803711e-02
   2.0874023e-02
  -2.1850586e-02
  -6.9580078e-03
   9.8876953e-03
   7.3242188e-04
   1.5014648e-02
   1.4038086e-02
  -1.5014648e-02
   5.9814453e-03
   4.5776367e-02
   1.5014648e-02
  -1.8920898e-02
   2.5756836e-02
   5.3588867e-02
   2.1850586e-02
  -3.6621094e-03
   1.6967773e-02
   3.7963867e-02
   1.8920898e-02
  -2.1972656e-03
   2.1850586e-02
   5.3588867e-02
   2.4780273e-02
   1.9531250e-03
   3.9916992e-02
   4.3823242e-02
   5.0048828e-03
   9.3994141e-03
   3.7963867e-02
   2.1850586e-02
   1.8920898e-02
   2.8198242e-02
   4.3823242e-02
   3.6010742e-02
   5.4931641e-03
   3.6010742e-02
   4.5776367e-02
   1.7944336e-02
   1.0864258e-02
   3.7963867e-02
   3.7963867e-02
   1.5014648e-02
   1.1352539e-02
   3.6010742e-02
   3.2104492e-02
  -3.6621094e-03
   1.0375977e-02
   3.7963867e-02
   3.6010742e-02
  -1.9531250e-03
   1.5991211e-02
   3.6010742e-02
  -5.4931641e-03
  -1.8920898e-02
   1.5991211e-02
   1.8920898e-02
  -5.9814453e-03
   2.9296875e-03
   2.3803711e-02
   8.4228516e-03
  -8.4228516e-03
   8.9111328e-03
   2.6855469e-03
  -8.9111328e-03
  -5.0048828e-03
   1.1352539e-02
   2.9296875e-03
  -1.0864258e-02
   7.9345703e-03
   1.2207031e-03
  -1.3061523e-02
  -3.1738281e-03
  -1.1352539e-02
  -4.0283203e-03
  -4.0283203e-03
  -1.2084961e-02
   2.8198242e-02
   3.0151367e-02
   5.5541992e-02
   1.2487793e-01
   1.4050293e-01
   8.7768555e-02
   2.4780273e-02
   8.4228516e-03
  -5.5541992e-02
  -8.7768555e-02
  -2.5756836e-02
   1.8920898e-02
   1.2084961e-02
   1.5991211e-02
   7.4462891e-03
  -4.7729492e-02
  -5.7495117e-02
  -2.3803711e-02
  -5.9814453e-03
  -2.6855469e-03
  -7.9345703e-03
  -1.4038086e-02
  -3.9916992e-02
  -7.9956055e-02
  -9.1674805e-02
  -6.0424805e-02
  -6.8237305e-02
  -8.3862305e-02
  -5.1635742e-02
  -3.2104492e-02
  -5.7495117e-02
  -5.7495117e-02
  -3.0151367e-02
  -5.5541992e-02
  -7.2143555e-02
  -4.3823242e-02
  -5.3588867e-02
  -5.5541992e-02
  -3.6010742e-02
  -3.0151367e-02
  -4.3823242e-02
  -2.6733398e-02
  -5.9814453e-03
   1.2084961e-02
   2.3803711e-02
   1.7089844e-03
   4.0283203e-03
   1.2084961e-02
  -2.8198242e-02
  -1.8920898e-02
   4.9682617e-02
   3.9916992e-02
   3.6010742e-02
   7.2143555e-02
   4.9682617e-02
   3.6010742e-02
   4.5776367e-02
   3.0151367e-02
   4.9682617e-02
   6.4331055e-02
   3.6010742e-02
   6.0424805e-02
   8.7768555e-02
   6.4331055e-02
   5.5541992e-02
   8.3862305e-02
   8.3862305e-02
   4.9682617e-02
   3.4057617e-02
   6.0424805e-02
   7.2143555e-02
   3.2104492e-02
   3.2104492e-02
   7.2143555e-02
   5.3588867e-02
  -5.9814453e-03
   4.0283203e-03
   5.7495117e-02
   1.9897461e-02
  -5.3588867e-02
   1.7944336e-02
   6.4331055e-02
  -4.9682617e-02
  -6.4331055e-02
   4.1870117e-02
  -9.3994141e-03
  -9.9487305e-02
  -2.4780273e-02
   4.3823242e-02
  -3.0151367e-02
  -7.9956055e-02
   1.0864258e-02
   1.8920898e-02
  -9.1674805e-02
  -6.8237305e-02
   1.8920898e-02
  -2.8198242e-02
  -7.2143555e-02
  -2.8198242e-02
   8.9111328e-03
  -2.5756836e-02
  -7.9956055e-02
  -1.6967773e-02
   2.8198242e-02
  -5.7495117e-02
  -6.4331055e-02
   2.8198242e-02
   1.2084961e-02
  -6.4331055e-02
  -1.7944336e-02
   5.5541992e-02
  -2.4414063e-04
  -2.3803711e-02
   3.2104492e-02
   4.7729492e-02
   2.1972656e-03
  -1.9531250e-03
   6.4331055e-02
   6.0424805e-02
   1.6967773e-02
   5.3588867e-02
   8.7768555e-02
   4.3823242e-02
   2.3803711e-02
   5.7495117e-02
   6.4331055e-02
   4.1870117e-02
   4.5776367e-02
   7.2143555e-02
   6.4331055e-02
   3.4057617e-02
   5.5541992e-02
   6.0424805e-02
   2.8198242e-02
   4.1870117e-02
   4.7729492e-02
   2.4780273e-02
   4.7729492e-02
   4.3823242e-02
   1.7944336e-02
   4.5776367e-02
   3.7963867e-02
   1.2084961e-02
   9.8876953e-03
   1.6967773e-02
   1.5014648e-02
   4.0283203e-03
   1.5991211e-02
   1.7944336e-02
   1.2084961e-02
   1.1352539e-02
   2.4414063e-04
  -7.4462891e-03
  -1.7089844e-03
  -7.4462891e-03
  -1.5014648e-02
  -2.1972656e-03
  -6.9580078e-03
  -1.2084961e-02
  -1.0864258e-02
  -5.9814453e-03
  -2.9296875e-03
  -1.6967773e-02
  -1.0864258e-02
   9.7656250e-04
  -1.0375977e-02
  -2.2827148e-02
  -1.1352539e-02
  -4.8828125e-04
  -2.9296875e-03
  -6.4697266e-03
   7.9345703e-03
   5.0048828e-03
  -1.2084961e-02
  -1.4038086e-02
  -6.4697266e-03
  -1.4038086e-02
  -2.2827148e-02
  -2.9296875e-03
  -7.4462891e-03
  -9.3994141e-03
  -1.9897461e-02
  -2.1850586e-02
  -7.4462891e-03
  -3.2104492e-02
  -3.4057617e-02
  -1.1352539e-02
  -3.0151367e-02
  -3.7963867e-02
  -8.4228516e-03
  -1.3061523e-02
  -2.5756836e-02
  -3.4179688e-03
  -1.8920898e-02
  -4.1870117e-02
  -1.6967773e-02
  -3.4057617e-02
  -3.9916992e-02
  -7.9345703e-03
  -1.5991211e-02
  -2.8198242e-02
  -1.2084961e-02
  -9.8876953e-03
  -2.5756836e-02
  -2.3803711e-02
  -2.6733398e-02
  -1.5991211e-02
  -1.0864258e-02
  -2.4780273e-02
  -1.0375977e-02
   9.3994141e-03
  -7.4462891e-03
  -2.5756836e-02
   7.4462891e-03
   1.0864258e-02
  -2.2827148e-02
  -1.6967773e-02
   1.7944336e-02
   1.2084961e-02
  -2.4780273e-02
  -7.9345703e-03
   2.2827148e-02
  -9.3994141e-03
  -2.3803711e-02
   2.1850586e-02
   1.8920898e-02
  -1.7944336e-02
  -1.4038086e-02
   1.2084961e-02
   7.4462891e-03
  -1.0864258e-02
  -2.6855469e-03
   3.4057617e-02
   3.2104492e-02
  -5.4931641e-03
   2.1850586e-02
   4.5776367e-02
   7.4462891e-03
  -1.7944336e-02
   1.4038086e-02
   3.6010742e-02
  -7.9345703e-03
  -1.2084961e-02
   4.7729492e-02
   3.4057617e-02
  -1.9897461e-02
   1.2084961e-02
   3.7963867e-02
  -1.9531250e-03
  -1.8920898e-02
   1.7944336e-02
   3.4057617e-02
   1.5991211e-02
  -4.8828125e-04
   1.5014648e-02
   3.4057617e-02
  -2.4414063e-03
  -2.2827148e-02
   2.6733398e-02
   3.9916992e-02
   1.2207031e-03
   3.6621094e-03
   3.9916992e-02
   3.4057617e-02
  -1.0864258e-02
   1.2084961e-02
   4.1870117e-02
   9.8876953e-03
  -1.4038086e-02
   1.3061523e-02
   2.6733398e-02
  -1.7089844e-03
  -1.5991211e-02
   7.4462891e-03
   2.3803711e-02
  -6.9580078e-03
  -1.6967773e-02
   1.6967773e-02
   2.8198242e-02
  -6.9580078e-03
  -1.3061523e-02
   3.6010742e-02
   2.0874023e-02
  -3.0151367e-02
   1.4038086e-02
   3.9916992e-02
   9.8876953e-03
   5.9814453e-03
   1.9897461e-02
   4.3823242e-02
   1.0375977e-02
  -1.2084961e-02
   2.4780273e-02
   2.8198242e-02
  -7.4462891e-03
  -9.3994141e-03
   4.1870117e-02
   3.4057617e-02
  -1.3061523e-02
   5.0048828e-03
   4.7729492e-02
   7.9345703e-03
  -2.4780273e-02
   2.1850586e-02
   4.5776367e-02
   8.4228516e-03
  -1.0864258e-02
   4.1870117e-02
   5.1635742e-02
  -8.9111328e-03
   5.0048828e-03
   5.5541992e-02
   2.4780273e-02
  -8.4228516e-03
   2.8198242e-02
   6.4331055e-02
   2.4780273e-02
  -1.9531250e-03
   6.0424805e-02
   7.6049805e-02
   1.5014648e-02
   2.8198242e-02
   7.2143555e-02
   4.1870117e-02
  -3.1738281e-03
   2.1850586e-02
   4.9682617e-02
   2.5756836e-02
   1.0375977e-02
   4.1870117e-02
   5.5541992e-02
   9.8876953e-03
  -5.0048828e-03
   3.2104492e-02
   2.8198242e-02
  -1.1352539e-02
   6.4697266e-03
   2.6733398e-02
   7.4462891e-03
  -2.9296875e-03
   4.0283203e-03
   1.9897461e-02
   1.0864258e-02
  -1.2084961e-02
  -1.2207031e-03
   2.1850586e-02
  -1.2084961e-02
  -2.6733398e-02
   2.4414063e-03
  -1.7089844e-03
  -2.1850586e-02
  -2.1850586e-02
   3.4179688e-03
   4.0283203e-03
  -1.9897461e-02
  -7.4462891e-03
   1.0375977e-02
  -2.3803711e-02
  -3.6010742e-02
  -1.0375977e-02
  -1.6967773e-02
  -1.8920898e-02
  -1.0375977e-02
  -9.3994141e-03
   2.4414063e-03
  -7.9345703e-03
  -2.0874023e-02
   1.5991211e-02
   9.8876953e-03
  -2.2827148e-02
   7.9345703e-03
   1.5991211e-02
  -1.9897461e-02
  -7.9345703e-03
   1.5991211e-02
   9.8876953e-03
   2.4414063e-04
   7.9345703e-03
   2.2827148e-02
   8.4228516e-03
  -2.4414063e-04
   1.5014648e-02
   1.5991211e-02
   7.4462891e-03
   7.4462891e-03
   1.6967773e-02
   1.2084961e-02
   1.9531250e-03
   1.2207031e-03
   2.4414063e-04
   8.4228516e-03
   2.9296875e-03
  -7.9345703e-03
  -2.9296875e-03
  -9.8876953e-03
  -2.8198242e-02
  -1.5991211e-02
   2.4414063e-04
  -1.2084961e-02
  -8.4228516e-03
   1.1352539e-02
  -2.4414063e-04
  -1.4038086e-02
  -2.1972656e-03
   2.9296875e-03
  -2.4414063e-03
   9.7656250e-04
   9.8876953e-03
   9.3994141e-03
  -5.4931641e-03
  -7.4462891e-03
  -4.0283203e-03
  -1.4038086e-02
  -1.7944336e-02
  -5.9814453e-03
  -8.4228516e-03
  -1.3061523e-02
  -1.3061523e-02
  -1.5014648e-02
  -2.1850586e-02
  -1.5014648e-02
  -1.5014648e-02
  -3.0151367e-02
  -9.3994141e-03
  -1.2084961e-02
  -2.5756836e-02
  -2.2827148e-02
  -5.4931641e-03
  -1.3061523e-02
  -1.9897461e-02
   5.0048828e-03
   1.0864258e-02
  -1.3061523e-02
  -6.9580078e-03
   2.0874023e-02
  -5.0048828e-03
  -3.6621094e-03
   1.7944336e-02
   1.9897461e-02
  -4.5166016e-03
   2.4414063e-03
   2.2827148e-02
  -6.9580078e-03
  -1.5014648e-02
  -2.9296875e-03
  -4.0283203e-03
  -8.9111328e-03
  -7.4462891e-03
   2.1972656e-03
   1.3061523e-02
  -2.4414063e-04
  -7.9345703e-03
   5.4931641e-03
   3.4179688e-03
  -1.5991211e-02
  -9.8876953e-03
   9.3994141e-03
   1.9531250e-03
  -8.9111328e-03
   6.9580078e-03
   8.9111328e-03
  -2.9296875e-03
   4.0283203e-03
   5.0048828e-03
   1.5014648e-02
   9.3994141e-03
  -3.1738281e-03
   1.2084961e-02
   1.4038086e-02
  -3.4179688e-03
  -5.0048828e-03
   1.4038086e-02
   1.6967773e-02
  -2.4414063e-03
   2.1972656e-03
   3.0151367e-02
   1.2084961e-02
  -1.5014648e-02
   1.5014648e-02
   2.8198242e-02
  -2.9296875e-03
   4.0283203e-03
   4.1870117e-02
   2.4780273e-02
  -4.0283203e-03
   1.6967773e-02
   3.7963867e-02
   1.5991211e-02
   3.1738281e-03
   2.8198242e-02
   4.5776367e-02
   1.8920898e-02
   7.9345703e-03
   4.1870117e-02
   3.2104492e-02
   5.4931641e-03
   2.3803711e-02
   4.1870117e-02
   2.4780273e-02
   1.2084961e-02
   2.5756836e-02
   3.2104492e-02
   2.4780273e-02
   2.2827148e-02
   3.4057617e-02
   4.1870117e-02
   2.6733398e-02
   1.1352539e-02
   3.4057617e-02
   2.4780273e-02
  -9.8876953e-03
   1.2207031e-03
   2.1850586e-02
  -2.6855469e-03
  -3.1738281e-03
   2.3803711e-02
   1.3061523e-02
  -4.5166016e-03
  -8.9111328e-03
  -2.4414063e-04
  -3.6621094e-03
  -7.4462891e-03
  -1.7089844e-03
   1.1352539e-02
   1.2084961e-02
  -4.0283203e-03
   1.4038086e-02
   1.7944336e-02
  -8.9111328e-03
  -1.5991211e-02
  -1.0375977e-02
  -2.2827148e-02
  -2.8198242e-02
  -1.3061523e-02
  -2.1972656e-03
  -1.7089844e-03
  -5.9814453e-03
  -2.1972656e-03
  -7.4462891e-03
  -1.4038086e-02
  -1.2084961e-02
  -7.9345703e-03
   9.7656250e-04
   3.4179688e-03
  -2.4414063e-04
   6.4697266e-03
   7.9345703e-03
   2.4414063e-04
  -7.9345703e-03
  -2.4414063e-03
   9.3994141e-03
  -3.4179688e-03
  -5.0048828e-03
   1.5991211e-02
   1.7944336e-02
   4.8828125e-04
   4.5166016e-03
   2.6733398e-02
   1.3061523e-02
  -3.4179688e-03
   2.4780273e-02
   3.4057617e-02
   7.4462891e-03
   6.9580078e-03
   2.8198242e-02
   1.6967773e-02
   6.4697266e-03
   2.8198242e-02
   4.1870117e-02
   2.5756836e-02
   1.6967773e-02
   3.6010742e-02
   3.6010742e-02
   1.8920898e-02
   1.8920898e-02
   3.0151367e-02
   2.1850586e-02
   1.8920898e-02
   2.8198242e-02
   1.9897461e-02
   1.9897461e-02
   1.5014648e-02
   2.6855469e-03
   1.5014648e-02
   8.4228516e-03
  -8.4228516e-03
  -1.9531250e-03
   2.4414063e-03
  -1.0864258e-02
  -1.9897461e-02
  -7.9345703e-03
  -2.6855469e-03
  -1.2084961e-02
  -4.5166016e-03
   5.0048828e-03
  -1.4648438e-03
  -1.9897461e-02
  -1.1352539e-02
  -7.4462891e-03
  -2.6733398e-02
  -2.3803711e-02
  -1.0864258e-02
  -8.9111328e-03
  -2.5756836e-02
  -1.2084961e-02
  -6.9580078e-03
  -3.9916992e-02
  -3.0151367e-02
  -7.9345703e-03
  -2.8198242e-02
  -2.8198242e-02
  -5.9814453e-03
  -1.7944336e-02
  -2.4780273e-02
  -1.4038086e-02
  -1.0375977e-02
  -1.6967773e-02
  -2.1850586e-02
  -1.2084961e-02
  -1.3061523e-02
  -2.0874023e-02
  -1.5991211e-02
  -6.4697266e-03
   2.1972656e-03
  -7.9345703e-03
  -7.4462891e-03
   6.9580078e-03
   1.0375977e-02
   9.7656250e-04
   2.6855469e-03
   1.6967773e-02
   1.0375977e-02
  -2.9296875e-03
   9.8876953e-03
   3.4057617e-02
   1.8920898e-02
   6.9580078e-03
   3.6010742e-02
   3.2104492e-02
   1.4648438e-03
   1.4038086e-02
   3.9916992e-02
   2.0874023e-02
   8.4228516e-03
   3.9916992e-02
   3.7963867e-02
   2.0874023e-02
   3.2104492e-02
   3.9916992e-02
   4.1870117e-02
   4.1870117e-02
   4.7729492e-02
   6.0424805e-02
   5.5541992e-02
   4.1870117e-02
   4.1870117e-02
   4.5776367e-02
   3.7963867e-02
   2.4780273e-02
   3.2104492e-02
   2.8198242e-02
   2.2827148e-02
   1.2084961e-02
   1.8920898e-02
   3.4057617e-02
   1.6967773e-02
   2.1850586e-02
   4.1870117e-02
   3.0151367e-02
   5.0048828e-03
   4.0283203e-03
   1.0864258e-02
  -4.0283203e-03
  -1.5991211e-02
   1.2084961e-02
   1.9897461e-02
  -2.6855469e-03
   1.9531250e-03
   1.3061523e-02
   7.9345703e-03
  -4.5166016e-03
  -4.0283203e-03
   6.9580078e-03
   1.2207031e-03
  -1.4038086e-02
   0.0000000e+00
   1.6967773e-02
  -4.0283203e-03
  -1.3061523e-02
   8.4228516e-03
   9.3994141e-03
  -1.7944336e-02
  -9.8876953e-03
   1.5014648e-02
  -1.2207031e-03
  -1.3061523e-02
   1.2207031e-03
   6.4697266e-03
  -2.6855469e-03
  -4.0283203e-03
   5.4931641e-03
   1.4038086e-02
   7.3242188e-04
  -5.4931641e-03
   1.3061523e-02
   9.8876953e-03
  -1.1352539e-02
  -1.9531250e-03
   1.3061523e-02
  -1.2207031e-03
  -2.4414063e-03
   9.3994141e-03
   5.9814453e-03
   1.7089844e-03
  -5.4931641e-03
  -3.6621094e-03
   5.9814453e-03
  -5.9814453e-03
  -1.3061523e-02
   2.4414063e-03
   2.4414063e-04
  -1.5014648e-02
  -6.4697266e-03
   6.4697266e-03
  -1.3061523e-02
  -1.9897461e-02
  -7.4462891e-03
  -7.9345703e-03
  -1.5991211e-02
  -1.6967773e-02
  -7.4462891e-03
  -6.4697266e-03
  -1.5991211e-02
  -1.5014648e-02
  -3.1738281e-03
  -7.4462891e-03
  -2.0874023e-02
  -9.8876953e-03
  -1.2207031e-03
  -6.4697266e-03
  -8.4228516e-03
   2.6855469e-03
   2.1972656e-03
  -5.0048828e-03
   0.0000000e+00
   2.1972656e-03
   2.4414063e-03
  -1.2207031e-03
  -1.9531250e-03
   2.9296875e-03
  -2.1972656e-03
  -1.9531250e-03
   1.4648438e-03
   4.8828125e-04
   7.4462891e-03
   7.4462891e-03
   2.6855469e-03
   0.0000000e+00
   1.2207031e-03
   0.0000000e+00
  -6.4697266e-03
   7.3242188e-04
   7.9345703e-03
  -3.6621094e-03
  -8.4228516e-03
  -4.8828125e-04
  -4.5166016e-03
  -1.9897461e-02
  -1.4038086e-02
  -4.0283203e-03
  -1.3061523e-02
  -9.8876953e-03
  -2.1972656e-03
  -5.4931641e-03
  -5.9814453e-03
   1.9531250e-03
   2.6855469e-03
   3.4179688e-03
   5.0048828e-03
  -4.5166016e-03
   1.2207031e-03
   2.6855469e-03
  -7.4462891e-03
  -1.2207031e-03
   2.1972656e-03
  -1.2207031e-03
  -5.0048828e-03
   2.9296875e-03
   7.4462891e-03
  -2.9296875e-03
  -1.2207031e-03
   9.3994141e-03
   1.5991211e-02
   4.5166016e-03
   6.4697266e-03
   2.8198242e-02
   2.2827148e-02
   1.3061523e-02
   4.1870117e-02
   4.9682617e-02
   2.0874023e-02
   2.8198242e-02
   4.7729492e-02
   3.6010742e-02
   2.2827148e-02
   3.7963867e-02
   4.5776367e-02
   2.8198242e-02
   3.0151367e-02
   3.4057617e-02
   3.6010742e-02
   2.5756836e-02
   2.1850586e-02
   4.5776367e-02
   3.4057617e-02
   1.5014648e-02
   2.0874023e-02
   2.1850586e-02
   1.6967773e-02
   7.3242188e-04
   1.5991211e-02
   3.7963867e-02
   1.7944336e-02
   6.9580078e-03
   3.2104492e-02
   2.2827148e-02
  -1.7944336e-02
   4.5166016e-03
   2.8198242e-02
  -2.6855469e-03
  -2.4414063e-03
   1.9897461e-02
   1.7944336e-02
  -1.2207031e-03
  -2.1972656e-03
   1.4038086e-02
   1.2207031e-03
  -1.7944336e-02
  -7.4462891e-03
   5.9814453e-03
  -8.9111328e-03
  -2.2827148e-02
   3.6621094e-03
   4.5166016e-03
  -3.0151367e-02
  -2.8198242e-02
  -7.9345703e-03
  -2.2827148e-02
  -2.8198242e-02
   2.4414063e-04
   5.9814453e-03
  -9.8876953e-03
  -1.7944336e-02
  -5.0048828e-03
  -8.9111328e-03
  -2.4780273e-02
  -1.5991211e-02
  -5.9814453e-03
  -6.4697266e-03
  -2.0874023e-02
  -7.9345703e-03
   7.9345703e-03
   3.4179688e-03
  -5.4931641e-03
   2.6855469e-03
   1.2084961e-02
   8.9111328e-03
   5.0048828e-03
   1.1352539e-02
   2.1850586e-02
  -5.9814453e-03
  -7.4462891e-03
   1.6967773e-02
   1.2084961e-02
  -7.3242188e-04
   1.4038086e-02
   3.4057617e-02
   1.5014648e-02
   1.7089844e-03
   1.5991211e-02
   2.5756836e-02
   8.4228516e-03
   2.1972656e-03
   3.6010742e-02
   2.8198242e-02
  -6.4697266e-03
   1.7944336e-02
   3.9916992e-02
   1.5991211e-02
   4.5166016e-03
   3.4057617e-02
   3.4057617e-02
   2.6855469e-03
   9.3994141e-03
   2.8198242e-02
   1.8920898e-02
   2.1972656e-03
   2.2827148e-02
   3.0151367e-02
   8.9111328e-03
   7.4462891e-03
   2.2827148e-02
   2.1850586e-02
   5.9814453e-03
   8.9111328e-03
   1.3061523e-02
   7.4462891e-03
  -1.7089844e-03
  -7.9345703e-03
   6.9580078e-03
   8.4228516e-03
  -5.4931641e-03
   1.4038086e-02
   2.2827148e-02
   7.3242188e-04
   4.0283203e-03
   1.1352539e-02
   5.0048828e-03
  -9.8876953e-03
  -1.4038086e-02
   6.9580078e-03
   6.9580078e-03
  -7.4462891e-03
   8.4228516e-03
   1.5991211e-02
  -1.0864258e-02
  -9.3994141e-03
   6.4697266e-03
  -1.4038086e-02
  -2.5756836e-02
  -1.8920898e-02
  -1.2084961e-02
  -2.1850586e-02
  -2.3803711e-02
  -3.4179688e-03
  -1.1352539e-02
  -3.0151367e-02
  -2.6733398e-02
  -1.3061523e-02
  -2.1850586e-02
  -3.0151367e-02
  -1.6967773e-02
  -5.9814453e-03
  -1.0375977e-02
  -1.0375977e-02
   1.9531250e-03
  -4.0283203e-03
  -1.8920898e-02
  -1.7944336e-02
  -8.4228516e-03
  -1.7944336e-02
  -1.7944336e-02
  -4.5166016e-03
  -6.4697266e-03
  -9.3994141e-03
  -2.1972656e-03
   1.9531250e-03
  -5.9814453e-03
  -2.4414063e-03
  -2.9296875e-03
  -1.5991211e-02
  -6.4697266e-03
  -6.4697266e-03
  -1.9897461e-02
  -2.4414063e-04
   6.9580078e-03
  -7.4462891e-03
   1.7089844e-03
   1.0864258e-02
   2.4414063e-03
  -1.0375977e-02
   1.7089844e-03
   2.1850586e-02
   2.6855469e-03
  -9.7656250e-04
   2.8198242e-02
   2.8198242e-02
   4.0283203e-03
   1.0864258e-02
   3.6010742e-02
   1.7944336e-02
   5.0048828e-03
   2.8198242e-02
   3.4057617e-02
   7.9345703e-03
   1.0375977e-02
   4.1870117e-02
   3.9916992e-02
   1.3061523e-02
   2.3803711e-02
   3.9916992e-02
   1.3061523e-02
   1.1352539e-02
   3.4057617e-02
   3.6010742e-02
   2.1850586e-02
   1.8920898e-02
   3.4057617e-02
   1.9897461e-02
   2.6855469e-03
   1.6967773e-02
   2.2827148e-02
   1.8920898e-02
   1.5014648e-02
   2.8198242e-02
   3.4057617e-02
   1.7944336e-02
   1.7944336e-02
   3.0151367e-02
   3.4057617e-02
   2.1850586e-02
   2.6733398e-02
   3.7963867e-02
   3.2104492e-02
   2.5756836e-02
   2.8198242e-02
   2.8198242e-02
   1.7944336e-02
   1.5014648e-02
   2.4780273e-02
   3.4057617e-02
   3.0151367e-02
   2.3803711e-02
   2.5756836e-02
   2.2827148e-02
   1.2084961e-02
   4.0283203e-03
   1.5991211e-02
   1.5991211e-02
   7.9345703e-03
   1.2084961e-02
   1.9897461e-02
   7.9345703e-03
  -2.6855469e-03
   6.4697266e-03
   9.3994141e-03
   5.0048828e-03
   3.6621094e-03
   3.6621094e-03
  -4.0283203e-03
  -8.9111328e-03
  -1.3061523e-02
  -1.2084961e-02
  -8.4228516e-03
  -1.6967773e-02
  -2.3803711e-02
  -1.4038086e-02
  -9.8876953e-03
  -2.0874023e-02
  -1.7944336e-02
  -7.4462891e-03
  -1.4038086e-02
  -2.4780273e-02
  -2.1850586e-02
  -1.2084961e-02
  -1.9897461e-02
  -3.2104492e-02
  -2.0874023e-02
  -9.8876953e-03
  -2.5756836e-02
  -2.6733398e-02
  -2.4414063e-03
  -9.8876953e-03
  -2.4780273e-02
  -1.5991211e-02
  -4.0283203e-03
  -2.0874023e-02
  -1.6967773e-02
   2.4414063e-04
  -5.4931641e-03
  -1.1352539e-02
  -1.5014648e-02
  -1.5991211e-02
  -1.5014648e-02
  -1.7944336e-02
  -2.0874023e-02
  -6.9580078e-03
  -1.0375977e-02
  -2.3803711e-02
  -1.5014648e-02
  -2.6855469e-03
  -9.3994141e-03
  -1.3061523e-02
  -2.1972656e-03
   1.7089844e-03
  -1.2084961e-02
  -1.6967773e-02
  -2.9296875e-03
  -4.5166016e-03
  -2.4414063e-03
   1.4038086e-02
   2.0874023e-02
   2.2827148e-02
   1.7944336e-02
   2.1850586e-02
   2.3803711e-02
   1.5991211e-02
   1.9897461e-02
   1.6967773e-02
   2.5756836e-02
   2.2827148e-02
   1.9897461e-02
   2.3803711e-02
   1.8920898e-02
   1.6967773e-02
   1.0864258e-02
   1.2084961e-02
   1.2084961e-02
   1.0864258e-02
   1.2084961e-02
   2.2827148e-02
   2.0874023e-02
   2.3803711e-02
   2.2827148e-02
   1.9897461e-02
   1.8920898e-02
   1.8920898e-02
   3.0151367e-02
   3.0151367e-02
   3.0151367e-02
   2.4780273e-02
   2.0874023e-02
   2.2827148e-02
   2.0874023e-02
   2.4780273e-02
   3.4057617e-02
   2.1850586e-02
   1.9897461e-02
   1.8920898e-02
   1.0864258e-02
   2.4414063e-03
  -6.4697266e-03
   3.4179688e-03
   2.9296875e-03
   7.9345703e-03
   1.5014648e-02
   1.5014648e-02
   3.6621094e-03
  -2.1972656e-03
   5.9814453e-03
  -4.8828125e-04
  -6.9580078e-03
  -1.2207031e-03
   4.5166016e-03
  -3.1738281e-03
  -4.5166016e-03
   4.5166016e-03
  -1.7089844e-03
  -1.7944336e-02
  -1.2084961e-02
  -1.1352539e-02
  -1.7944336e-02
  -1.2084961e-02
  -6.4697266e-03
  -5.9814453e-03
  -1.7089844e-03
   7.3242188e-04
  -7.4462891e-03
  -5.0048828e-03
  -5.9814453e-03
  -7.9345703e-03
  -7.4462891e-03
  -5.9814453e-03
  -2.4414063e-03
  -9.7656250e-04
   1.2207031e-03
   5.4931641e-03
  -1.2207031e-03
  -9.8876953e-03
  -3.1738281e-03
   5.4931641e-03
  -1.4648438e-03
   2.4414063e-03
   1.5014648e-02
   1.6967773e-02
   1.5014648e-02
   2.4780273e-02
   3.7963867e-02
   2.1850586e-02
   1.5014648e-02
   1.5991211e-02
   1.8920898e-02
   1.0375977e-02
   1.0375977e-02
   2.6733398e-02
   2.4780273e-02
   1.7944336e-02
   1.5014648e-02
   2.2827148e-02
   1.0864258e-02
   2.4414063e-03
   1.4038086e-02
   1.2084961e-02
   3.6621094e-03
   1.0375977e-02
   1.5014648e-02
   1.2084961e-02
   1.4038086e-02
   1.6967773e-02
   1.7944336e-02
   1.4038086e-02
   1.2084961e-02
   9.3994141e-03
   1.4038086e-02
   1.5014648e-02
   8.9111328e-03
   1.4038086e-02
   1.1352539e-02
   6.9580078e-03
   1.2084961e-02
   1.6967773e-02
   1.2084961e-02
   4.0283203e-03
   1.0375977e-02
   1.1352539e-02
   5.0048828e-03
   1.0375977e-02
   8.4228516e-03
  -5.9814453e-03
  -5.0048828e-03
  -6.9580078e-03
  -4.0283203e-03
   1.9531250e-03
